Por cada instante de tiempo y cada cuerpo aparecen: 
	      Posicion(x), Posicion(y), Velocidad(x), Velocidad(y), Aceleracion(x), Aceleracion(y)
 
0.00
Cuerpo: 0 ->   0.000000     0.000000     0.000000      0.000000      0.000000        0.000000
Cuerpo: 1 ->   0.009000     0.000000     0.000000      0.010000      0.000000        0.000000

0.10
Cuerpo: 0 ->   0.000000     0.000000     0.000000      0.000000      0.000000        0.000000
Cuerpo: 1 ->   0.009000     0.001000     0.000000      0.010000      0.000000        0.000000

0.20
Cuerpo: 0 ->   0.000000     0.000000     0.000000      0.000000      0.000000        0.000000
Cuerpo: 1 ->   0.009000     0.002000     0.000000      0.010000      0.000000        0.000000

0.30
Cuerpo: 0 ->   0.000000     0.000000     0.000000      0.000000      0.000000        0.000000
Cuerpo: 1 ->   0.009000     0.003000     0.000000      0.010000      0.000000        0.000000

0.40
Cuerpo: 0 ->   0.000000     0.000000     0.000000      0.000000      0.000000        0.000000
Cuerpo: 1 ->   0.009000     0.004000     0.000000      0.010000      0.000000        0.000000

0.50
Cuerpo: 0 ->   8.009346     3.954942     177.854578      87.932666      -0.000093        -0.000046
Cuerpo: 1 ->   -80.084460     -39.544418     -1778.545780      -879.316657      0.000929        0.000459

0.60
Cuerpo: 0 ->   25.794804     12.748208     177.854575      87.932664      -0.000009        -0.000004
Cuerpo: 1 ->   -257.939036     -127.476083     -1778.545747      -879.316641      0.000089        0.000044

0.70
Cuerpo: 0 ->   43.580261     21.541475     177.854574      87.932664      -0.000003        -0.000002
Cuerpo: 1 ->   -435.793610     -215.407747     -1778.545741      -879.316638      0.000031        0.000015

0.80
Cuerpo: 0 ->   61.365718     30.334741     177.854574      87.932664      -0.000002        -0.000001
Cuerpo: 1 ->   -613.648184     -303.339410     -1778.545739      -879.316637      0.000016        0.000008

0.90
Cuerpo: 0 ->   79.151176     39.128007     177.854574      87.932664      -0.000001        -0.000000
Cuerpo: 1 ->   -791.502758     -391.271074     -1778.545738      -879.316636      0.000010        0.000005

1.00
Cuerpo: 0 ->   96.936633     47.921274     177.854574      87.932664      -0.000001        -0.000000
Cuerpo: 1 ->   -969.357332     -479.202738     -1778.545737      -879.316636      0.000006        0.000003

